,Number,Amino Acid,Conservation,Conservation class,Average uptake,rsa,q3, disorder,uptake,conservation
0,1,A,,,0.18955,0.883277952671051,C,0.7133679986000061,0.06862472740156977,
1,2,G,57143.0,3.0,-0.142066667,0.707223117351532,C,0.6122466325759888,0.00827973242766123,0.49350587957217984
2,3,F,85294.0,7.0,-0.142066667,0.644432544708252,C,0.5258908271789551,0.00827973242766123,0.8262010281864918
3,4,K,41860.0,4.0,-0.142066667,0.7047039866447449,C,0.4559530615806579,0.00827973242766123,0.312887785853572
4,5,E,15385.0,1.0,-0.142066667,0.7643659710884094,C,0.3959299325942993,0.00827973242766123,0.0
5,6,T,48101.0,5.0,-0.142066667,0.5310646295547485,C,0.3176785409450531,0.00827973242766123,0.38664539384269925
6,7,R,75789.0,7.0,-0.142066667,0.4704755842685699,H,0.2129864245653152,0.00827973242766123,0.7138686994031791
7,8,A,38938.0,3.0,-0.0861,0.5592483878135681,H,0.131418690085411,0.01846410666124405,0.2783549016131891
8,9,S,36842.0,4.0,-0.0861,0.6040349006652832,H,0.1070607230067253,0.01846410666124405,0.25358387992672693
9,10,E,97037.0,9.0,-0.0861,0.4022634327411651,H,0.0788445249199867,0.01846410666124405,0.9649825681025823
10,11,R,78676.0,8.0,-0.187566667,0.5510272979736328,H,0.066677413880825,0.0,0.7479879453997518
11,12,A,52941.0,4.0,-0.187566667,0.5247060656547546,H,0.0447678603231906,0.0,0.4438456538438811
12,13,E,38235.0,8.0,-0.187566667,0.548204243183136,H,0.0547080487012863,0.0,0.27004668203037285
13,14,M,44118.0,8.0,-0.187566667,0.3040799796581268,H,0.0560523755848407,0.0,0.3395733616970986
14,15,M,52206.0,8.0,1.06375,0.5030295252799988,H,0.0416550301015377,0.2277047732974259,0.43515925072386696
15,16,E,26471.0,4.0,1.06375,0.6305815577507019,H,0.0329839810729026,0.2277047732974259,0.1310169591679962
16,17,L,100000.0,9.0,1.06375,0.2394082397222519,H,0.023137779906392,0.2277047732974259,1.0
17,18,N,100000.0,9.0,1.070566667,0.360405296087265,H,0.0254154112190008,0.2289452167877219,1.0
18,19,D,64706.0,7.0,1.070566667,0.6838590502738953,H,0.0151125695556402,0.2289452167877219,0.5828871949417952
19,20,R,77206.0,8.0,1.070566667,0.492468386888504,H,0.0123337414115667,0.2289452167877219,0.7306151391597234
20,21,F,63971.0,9.0,1.070566667,0.1767101734876632,H,0.015503684990108,0.2289452167877219,0.574200791821781
21,22,A,91912.0,8.0,1.34905,0.2987682521343231,H,0.0086066648364067,0.2796214252009809,0.9044141109732318
22,23,S,55147.0,5.0,1.34905,0.570024847984314,H,0.0068647591397166,0.2796214252009809,0.4699166814394611
23,24,Y,57353.0,8.0,1.34905,0.3285803198814392,H,0.0077587962150573,0.2796214252009809,0.4959877090350411
24,25,I,66912.0,9.0,1.6505,0.2304528206586837,H,0.0074314465746283,0.3344769271860024,0.6089582225373752
25,26,E,56934.0,4.0,1.6505,0.6430389881134033,H,0.00365208578296,0.3344769271860024,0.49103586834485613
26,27,K,88321.0,8.0,1.6505,0.5157986283302307,H,0.005133066792041,0.3344769271860024,0.8619748271583052
27,28,V,98540.0,9.0,1.6505,0.1972604095935821,H,0.0034259371459484,0.3344769271860024,0.982745376115346
28,29,R,88321.0,8.0,1.6505,0.5418468117713928,H,0.0059310747310519,0.3344769271860024,0.8619748271583052
29,30,F,39416.0,4.0,1.6505,0.5788470506668091,H,0.0031243613921105,0.3344769271860024,0.2840040182000827
30,31,L,98540.0,9.0,3.29845,0.2299035787582397,H,0.0038821194320917,0.6343579173874164,0.982745376115346
31,32,E,97810.0,9.0,3.29845,0.3920867443084717,H,0.0036363443359732,0.6343579173874164,0.9741180641730189
32,33,Q,63504.0,6.0,3.29845,0.6172651052474976,H,0.0026223885361105,0.6343579173874164,0.5686816758257992
33,34,Q,57664.0,7.0,3.29845,0.5855821371078491,H,0.0023393577430397,0.6343579173874164,0.49966318028718315
34,35,N,98540.0,9.0,3.29845,0.3284596800804138,H,0.0032525393180549,0.6343579173874164,0.982745376115346
35,36,K,49635.0,4.0,3.29845,0.6155521273612976,H,0.0058037475682795,0.6343579173874164,0.40477456715712345
36,37,A,21168.0,3.0,3.29845,0.4954034984111786,H,0.0032246538903564,0.6343579173874164,0.06834485611298233
37,38,L,96350.0,9.0,3.29845,0.2628493010997772,H,0.0049241320230066,0.6343579173874164,0.9568634402883649
38,39,A,75182.0,6.0,3.29845,0.3815034627914428,H,0.0049640396609902,0.6343579173874164,0.7066950304319565
39,40,A,37956.0,5.0,3.9883,0.513554036617279,H,0.0041302870959043,0.7598913990406495,0.26674939431542866
40,41,E,58394.0,7.0,3.9883,0.4937514960765838,H,0.0125680835917592,0.7598913990406495,0.5082904922295102
41,42,L,40876.0,7.0,3.9883,0.2313197255134582,H,0.008933057077229,0.7598913990406495,0.30125864208473674
42,43,N,23358.0,3.0,2.04725,0.632883608341217,H,0.0128017831593751,0.4066743742337957,0.09422679193996333
43,44,Q,28467.0,5.0,2.04725,0.6147303581237793,H,0.0202903468161821,0.4066743742337957,0.154606157300715
44,45,L,57778.0,5.0,2.04725,0.3426013886928558,H,0.0186693090945482,0.4066743742337957,0.5010104591384507
45,46,R,34815.0,7.0,2.10106,0.6468192338943481,H,0.0291555430740118,0.416466295155388,0.2296283164923477
46,47,A,34328.0,3.0,2.10106,0.7547349333763123,H,0.0325488485395908,0.416466295155388,0.2238728357856172
47,48,K,30597.0,4.0,2.10106,0.6724498271942139,C,0.0812324583530426,0.416466295155388,0.17977899899545
48,49,E,27007.0,2.0,2.10106,0.7537577152252197,C,0.0930851697921752,0.416466295155388,0.13735153341606096
49,50,P,32353.0,2.0,2.10106,0.6441601514816284,C,0.1309548020362854,0.416466295155388,0.20053182059918453
50,51,T,37226.0,4.0,2.10106,0.6820186972618103,C,0.0783912166953086,0.416466295155388,0.25812208237310164
51,52,K,32847.0,4.0,2.10106,0.7266893982887268,C,0.0521492809057235,0.416466295155388,0.20637002895467707
52,53,L,39855.0,4.0,2.10106,0.519443690776825,H,0.0296493731439113,0.416466295155388,0.2891922236010164
53,54,A,26087.0,3.0,2.236133333,0.4405761063098907,H,0.0305859707295894,0.4410458787895064,0.12647875672162148
54,55,D,28261.0,4.0,2.236133333,0.6813925504684448,H,0.0225197784602642,0.4410458787895064,0.15217160078000355
55,56,V,30435.0,1.0,2.4488,0.4904005825519562,H,0.012993237003684,0.47974528755967194,0.17786444483838562
56,57,Y,59712.0,6.0,2.4488,0.3474647402763366,H,0.0116208996623754,0.47974528755967194,0.5238669266678485
57,58,Q,52518.0,4.0,2.4488,0.4775084257125854,H,0.0072029582224786,0.47974528755967194,0.43884654021154645
58,59,A,24460.0,3.0,2.4488,0.4912130236625671,H,0.0062598595395684,0.47974528755967194,0.10725048750221591
59,60,E,30935.0,6.0,2.4488,0.4480731189250946,H,0.0081134429201483,0.47974528755967194,0.18377356260710273
60,61,L,52518.0,6.0,2.3893,0.1559305340051651,H,0.0038007281254976,0.4689179451542688,0.43884654021154645
61,62,R,28777.0,4.0,1.32665,0.5895999073982239,H,0.0040015340782701,0.27554524923659385,0.1582698103173196
62,63,E,29496.0,3.0,1.32665,0.6185474395751953,H,0.0036500773858278,0.27554524923659385,0.16676712166873484
63,64,L,93525.0,8.0,1.32665,0.1528578400611877,H,0.0040516550652682,0.27554524923659385,0.9234769248951131
64,65,R,82734.0,7.0,1.32665,0.4799509644508362,H,0.0053259297274053,0.27554524923659385,0.79594634521066
65,66,L,36691.0,3.0,1.32665,0.5449406504631042,H,0.0037009248044341,0.27554524923659385,0.25179932636057434
66,67,R,35971.0,5.0,2.184566667,0.5344687104225159,H,0.0035162665881216,0.4316621821594717,0.2432901967736217
67,68,L,37410.0,6.0,2.184566667,0.2258210331201553,H,0.0044771810062229,0.4316621821594717,0.26029663771198963
68,69,D,41007.0,4.0,3.89255,0.588661253452301,H,0.0051259463652968,0.7424675665143075,0.3028068309401406
69,70,Q,17143.0,1.0,3.89255,0.6121751666069031,H,0.0038111216854304,0.7424675665143075,0.020776458074809434
70,71,L,40714.0,5.0,3.89255,0.2602527737617492,H,0.0054323635995388,0.7424675665143075,0.2993440879276724
71,72,T,37857.0,3.0,3.89255,0.5319234132766724,H,0.0040342020802199,0.7424675665143075,0.26557938899722267
72,73,A,19286.0,1.0,3.89255,0.5847268104553223,H,0.0040060710161924,0.7424675665143075,0.04610293683153105
73,74,N,46429.0,3.0,3.89255,0.4706690311431885,H,0.0055028824135661,0.7424675665143075,0.36688530402410924
74,75,S,36879.0,6.0,3.89255,0.3457223773002624,H,0.0064097251743078,0.7424675665143075,0.254021154641612
75,76,A,38298.0,3.0,3.89255,0.4999579787254333,H,0.0044603436253964,0.7424675665143075,0.2707912308692312
76,77,R,47518.0,4.0,3.89255,0.610517680644989,H,0.0047391164116561,0.7424675665143075,0.37975536252437514
77,78,L,48227.0,4.0,3.89255,0.3235833942890167,H,0.0024478493724018,0.7424675665143075,0.388134491520416
78,79,E,31915.0,3.0,1.6573,0.526547372341156,H,0.0026595424860715,0.3357143377466199,0.19535543343378833
79,80,V,39007.0,4.0,1.6573,0.488533616065979,H,0.0027918638661503,0.3357143377466199,0.27917035986527206
80,81,E,56738.0,6.0,1.6573,0.550504744052887,H,0.0036814499180763,0.3357143377466199,0.488719494179519
81,82,R,29787.0,6.0,1.6573,0.502335250377655,H,0.0049417214468121,0.3357143377466199,0.17020622821012824
82,83,D,54610.0,5.0,1.6573,0.6212640404701233,H,0.0043546743690967,0.3357143377466199,0.46357028895585894
83,84,N,64539.0,6.0,1.6573,0.6013891100883484,H,0.0031362932641059,0.3357143377466199,0.5809135496070437
84,85,L,31206.0,6.0,1.6573,0.4096512198448181,H,0.0030195007566362,0.3357143377466199,0.18697630443774746
85,86,A,28369.0,4.0,1.862,0.4140331745147705,H,0.0036531025543808,0.37296403506403214,0.15344797021804643
86,87,Q,30496.0,4.0,1.862,0.6217104196548462,H,0.0023144434671849,0.37296403506403214,0.1785853572061691
87,88,D,31206.0,4.0,1.862,0.5497252345085144,H,0.0019514712039381,0.37296403506403214,0.18697630443774746
88,89,L,30496.0,6.0,1.862,0.242698460817337,H,0.0016450305702164,0.37296403506403214,0.1785853572061691
89,90,A,40426.0,4.0,2.8876,0.4852085709571838,H,0.0024441191926598,0.5595946631477544,0.29594043609289133
90,91,T,53191.0,4.0,2.8876,0.5711321234703064,H,0.0019923343788832,0.5595946631477544,0.44680021272823967
91,92,V,51064.0,5.0,2.94714,0.2225387692451477,H,0.0023386869579553,0.5704292844388082,0.42166282574011704
92,93,R,45714.0,6.0,2.94714,0.5567330718040466,H,0.0032885794062167,0.5704292844388082,0.35843526561484373
93,94,Q,17730.0,1.0,2.94714,0.6157010793685913,H,0.0022062924690544,0.5704292844388082,0.027713762335283332
94,95,K,73427.0,6.0,2.94714,0.511215090751648,H,0.0022298246622085,0.5704292844388082,0.6859540270637594
95,96,L,60140.0,5.0,2.94714,0.2728112637996673,H,0.0016033761203289,0.5704292844388082,0.5289251314778703
96,97,Q,80420.0,7.0,2.94714,0.559714674949646,H,0.0021867684554308,0.5704292844388082,0.7685989481770371
97,98,D,33566.0,2.0,2.94714,0.6200069189071655,H,0.0018874409142881,0.5704292844388082,0.2148673403060923
98,99,E,93706.0,9.0,2.94714,0.3145194053649902,H,0.0039053501095622,0.5704292844388082,0.9256160255273886
99,100,T,32867.0,4.0,2.94714,0.3327662050724029,H,0.0017963321879506,0.5704292844388082,0.20660639366542574
100,101,N,29371.0,4.0,2.94714,0.678970992565155,H,0.001120250322856,0.5704292844388082,0.16528984222655554
101,102,L,39161.0,4.0,3.0645,0.4406911134719848,H,0.0024669172707945,0.5917855349379362,0.280990368138037
102,103,R,88811.0,8.0,2.54385,0.2509673535823822,H,0.0048568458296358,0.49704173958712694,0.867765762571648
103,104,L,23776.0,5.0,2.54385,0.4923297762870788,H,0.0026668477803468,0.49704173958712694,0.09916681439461086
104,105,E,27972.0,4.0,2.197266667,0.6424020528793335,H,0.0024299740325659,0.4339732283535662,0.14875613070968505
105,106,A,45455.0,7.0,2.197266667,0.1655713021755218,H,0.0030356610659509,0.4339732283535662,0.35537434261064826
106,107,E,93706.0,8.0,2.197266667,0.5051957964897156,H,0.0045314165763556,0.4339732283535662,0.9256160255273886
107,108,N,38462.0,5.0,2.197266667,0.7003424763679504,H,0.0023483268450945,0.4339732283535662,0.27272942149737045
108,109,N,41958.0,5.0,2.197266667,0.5766112208366394,H,0.0034598475322127,0.4339732283535662,0.3140459729362406
109,110,L,34028.0,7.0,2.197266667,0.1663301587104797,H,0.0036605400964617,0.4339732283535662,0.22032736512438691
110,111,A,35172.0,5.0,3.1154,0.4603902101516723,H,0.0042928806506097,0.6010479169284408,0.23384742657921173
111,112,A,26897.0,4.0,3.1154,0.5648292303085327,H,0.0023839797358959,0.6010479169284408,0.1360515275069432
112,113,Y,62759.0,5.0,3.3009,0.4886820614337921,H,0.0040899631567299,0.6348037491335212,0.5598770903504107
113,114,R,53741.0,7.0,3.3009,0.5127221345901489,H,0.0046727834269404,0.6348037491335212,0.4533002422738285
114,115,Q,53741.0,6.0,3.3009,0.6600983738899231,H,0.0055527864024043,0.6348037491335212,0.4533002422738285
115,116,E,54422.0,6.0,3.3009,0.5833335518836975,H,0.0046635307371616,0.6348037491335212,0.46134846067482127
116,117,A,53741.0,7.0,3.3009,0.1961986869573593,H,0.0045326249673962,0.6348037491335212,0.4533002422738285
117,118,D,91156.0,8.0,3.3009,0.5849682092666626,H,0.0029177966061979,0.6348037491335212,0.8954795249069314
118,119,E,38356.0,3.0,3.3009,0.6780297756195068,H,0.0035551737528294,0.6348037491335212,0.2714766885304024
119,120,A,58503.0,7.0,3.5666,0.3448380827903747,H,0.0043578487820923,0.6831537470682375,0.5095786799030905
120,121,T,42177.0,6.0,3.5666,0.4542463719844818,H,0.0016893711872398,0.6831537470682375,0.3166341665189387
121,122,L,59184.0,6.0,3.5666,0.5675888061523438,H,0.0023029714357107,0.6831537470682375,0.5176268983040831
122,123,A,29054.0,2.0,,0.4952994287014007,H,0.0020805657841265,,0.1615434615611889
123,124,R,53333.0,7.0,,0.4075875282287597,H,0.0066543626599013,,0.44847840217455537
124,125,L,21333.0,3.0,,0.4938928484916687,H,0.0031460835598409,,0.07029486497665896
125,126,D,52667.0,5.0,1.9225,0.6273585557937622,H,0.0027322887908667,0.38397334961070256,0.4406074573066241
126,127,L,92667.0,8.0,1.9225,0.2846461236476898,H,0.0031673428602516,0.38397334961070256,0.9133368788039946
127,128,E,81333.0,7.0,1.5443,0.5310346484184265,H,0.0064211473800241,0.3151514857834173,0.7793889972227146
128,129,R,23333.0,5.0,1.5443,0.6313422322273254,H,0.0048298728652298,0.3151514857834173,0.09393133605152751
129,130,K,38000.0,7.0,1.5443,0.5216349363327026,H,0.0045376606285572,0.3151514857834173,0.2672693966790758
130,131,I,37333.0,5.0,1.4832,0.1622612327337265,H,0.0033500192221254,0.30403298795198647,0.2593866335756071
131,132,E,56667.0,5.0,1.4832,0.6083458662033081,H,0.0030502961017191,0.30403298795198647,0.4878803994563612
132,133,S,40000.0,4.0,1.4832,0.5439808964729309,H,0.0018935094121843,0.30403298795198647,0.29090586775394434
133,134,L,96667.0,9.0,1.4832,0.2317653000354766,H,0.0032738239970058,0.30403298795198647,0.9606098209537315
134,135,E,20000.0,3.0,0.85335,0.481628805398941,H,0.0045482702553272,0.18941783477479018,0.054541157005259105
135,136,E,46309.0,5.0,0.85335,0.6902279853820801,H,0.0028817243874073,0.18941783477479018,0.3654671157596171
136,137,E,96000.0,9.0,0.85335,0.5316292643547058,H,0.0028456603176891,0.18941783477479018,0.9527270578502629
137,138,I,50000.0,7.0,0.85335,0.1417981684207916,H,0.0028193064499646,0.18941783477479018,0.40908822312828697
138,139,R,30667.0,3.0,0.85335,0.5749592781066895,H,0.003281857818365,0.18941783477479018,0.18060627548307037
139,140,F,75333.0,7.0,0.85335,0.5685458183288574,H,0.0014868906000629,0.18941783477479018,0.7084795839981091
140,141,L,90667.0,8.0,2.009175,0.2667346000671386,H,0.0028016583528369,0.39974578495504404,0.889700407729126
141,142,R,55333.0,5.0,2.009175,0.461273044347763,H,0.0038391759153455,0.39974578495504404,0.4721148732494239
142,143,K,54000.0,5.0,2.009175,0.5944482088088989,H,0.0026465239934623,0.39974578495504404,0.45636116527802395
143,144,I,34000.0,6.0,2.009175,0.4555919170379638,H,0.0019897711463272,0.39974578495504404,0.21999645452933878
144,145,H,62667.0,8.0,2.009175,0.3253068923950195,H,0.0046089245006442,0.39974578495504404,0.5587898126809667
145,146,E,64000.0,4.0,2.225233333,0.5145661234855652,H,0.0091188494116067,0.43906238244969303,0.5745435206523666
146,147,E,68000.0,5.0,2.4905,0.5856956243515015,H,0.0082477135583758,0.48733352585051753,0.6218164628021037
147,148,E,97315.0,9.0,2.4905,0.4653724431991577,H,0.0065364800393581,0.48733352585051753,0.968268037581989
148,149,V,33784.0,5.0,2.835383333,0.2338968068361282,H,0.0081738736480474,0.5500926844439239,0.21744371565325296
149,150,R,20805.0,1.0,2.835383333,0.576452910900116,H,0.008410288952291,0.5500926844439239,0.06405483661289368
150,151,E,43624.0,4.0,2.835383333,0.6397360563278198,H,0.0089073842391371,0.5500926844439239,0.3337351533416061
151,152,L,73826.0,5.0,2.983014286,0.2276493161916732,H,0.0132806217297911,0.5769574050786631,0.6906695030431956
152,153,Q,47651.0,5.0,2.983014286,0.5087561011314392,H,0.0190695859491825,0.5769574050786631,0.38132718785085384
153,154,E,29530.0,3.0,2.983014286,0.6546844840049744,H,0.0219155848026275,0.5769574050786631,0.1671689416770076
154,155,Q,67785.0,6.0,2.983014286,0.5163076519966125,H,0.0267617795616388,0.5769574050786631,0.6192755421615552
155,156,L,43624.0,4.0,2.983014286,0.4741114675998688,H,0.0328111015260219,0.5769574050786631,0.3337351533416061
156,157,A,27703.0,5.0,2.330675,0.711561381816864,H,0.0453637689352035,0.4582498283724745,0.1455770253501152
157,158,R,34899.0,4.0,2.330675,0.7343672513961792,C,0.0921320915222168,0.4582498283724745,0.23062104827749216
158,159,Q,33333.0,5.0,2.330675,0.7138130068778992,C,0.1419861316680908,0.4582498283724745,0.21211369142587008
159,160,Q,46552.0,6.0,2.330675,0.8035117983818054,C,0.1305408626794815,0.4582498283724745,0.36833894699521363
160,161,V,76510.0,6.0,2.330675,0.5304588079452515,C,0.1281632930040359,0.4582498283724745,0.7223896472256692
161,162,H,21333.0,4.0,2.330675,0.7331666946411133,C,0.1266634166240692,0.4582498283724745,0.07029486497665896
162,163,V,63333.0,7.0,2.330675,0.409658819437027,C,0.1197115406394004,0.4582498283724745,0.566660757548898
163,164,E,54362.0,6.0,2.330675,0.7615033984184265,C,0.1391575038433075,0.4582498283724745,0.4606393665425752
164,165,L,62416.0,7.0,2.330675,0.5731176733970642,C,0.1436684429645538,0.4582498283724745,0.5558234355610707
165,166,D,73154.0,6.0,0.30144,0.7648031711578369,C,0.1192719042301178,0.08898559028796571,0.6827276487620398
166,167,V,22000.0,4.0,0.30144,0.5926333665847778,C,0.1716330200433731,0.08898559028796571,0.07817762808012765
167,168,A,30667.0,4.0,0.30144,0.7389368414878845,C,0.1398883759975433,0.08898559028796571,0.18060627548307037
168,169,K,26000.0,4.0,0.30144,0.5896232724189758,C,0.1401092261075973,0.08898559028796571,0.1254505702298647
169,170,P,33333.0,4.0,0.30144,0.7257086038589478,C,0.0869578644633293,0.08898559028796571,0.21211369142587008
170,171,D,88000.0,8.0,0.30144,0.6925056576728821,C,0.0637069046497345,0.08898559028796571,0.8581811735507889
171,172,L,82000.0,8.0,0.30144,0.3852268159389496,H,0.0407642498612403,0.08898559028796571,0.7872717603261833
172,173,T,36667.0,5.0,1.18136,0.5618729591369629,H,0.0313539169728755,0.24910651683187068,0.25151568870767593
173,174,A,28000.0,4.0,1.7654,0.4787017107009887,H,0.0262475367635488,0.3553855262176129,0.1490870413047332
174,175,A,45333.0,7.0,2.43916,0.2716185450553894,H,0.021524479612708,0.47799107611785546,0.3539325178750813
175,176,L,58667.0,7.0,3.05248,0.1974944025278091,H,0.0238483902066946,0.5895982297999036,0.5115168705312297
176,177,K,38000.0,5.0,3.29445,0.5353262424468994,H,0.0202752240002155,0.6336300288223472,0.2672693966790758
177,178,E,63333.0,5.0,3.29445,0.6286997199058533,H,0.0214094314724206,0.6336300288223472,0.566660757548898
178,179,I,41333.0,8.0,3.29445,0.2604166269302368,H,0.0203658360987901,0.6336300288223472,0.3066595757253442
179,180,R,72000.0,8.0,3.29445,0.39670330286026,H,0.0145176397636532,0.6336300288223472,0.6690894049518407
180,181,T,42282.0,4.0,3.29445,0.5976142883300781,H,0.0128391804173588,0.6336300288223472,0.31787508125036934
181,182,Q,89933.0,9.0,3.29445,0.5498380661010742,H,0.0104640936478972,0.6336300288223472,0.8810258228446493
182,183,Y,88591.0,9.0,3.29445,0.3858131766319275,H,0.0144164031371474,0.6336300288223472,0.8651657507534125
183,184,E,87919.0,9.0,3.040683333,0.5855962038040161,H,0.0246578846126794,0.5874515650460965,0.8572238964722567
184,185,A,19333.0,2.0,3.040683333,0.6241505146026611,H,0.0207771100103855,0.5874515650460965,0.04665839390179047
185,186,M,51333.0,5.0,3.040683333,0.5296498537063599,H,0.0249823797494173,0.5874515650460965,0.4248419310996868
186,187,A,82667.0,7.0,0.350866667,0.3697226047515869,H,0.0271333046257495,0.09797986671766053,0.795154523429652
187,188,S,18667.0,3.0,0.350866667,0.6196579933166504,H,0.0227122083306312,0.09797986671766053,0.03878744903385925
188,189,S,49333.0,5.0,0.350866667,0.6685983538627625,H,0.0251401625573635,0.09797986671766053,0.4012054600248183
189,190,N,58667.0,9.0,0.350866667,0.5309299826622009,H,0.020388314500451,0.09797986671766053,0.5115168705312297
190,191,M,53333.0,5.0,0.350866667,0.3925624787807464,H,0.0345004834234714,0.09797986671766053,0.44847840217455537
191,192,H,26667.0,5.0,0.350866667,0.6625668406486511,H,0.0269959848374128,0.09797986671766053,0.13333333333333333
192,193,E,64667.0,7.0,0.350866667,0.6648044586181641,H,0.0200350880622863,0.09797986671766053,0.5824262837558353
193,194,A,73333.0,7.0,0.350866667,0.3191443383693695,H,0.0227354634553194,0.09797986671766053,0.6848431129232405
194,195,E,89333.0,8.0,0.350866667,0.4863315224647522,H,0.0179045759141445,0.09797986671766053,0.8739348815221888
195,196,E,28667.0,4.0,0.350866667,0.6106671690940857,H,0.0172578766942024,0.09797986671766053,0.15696980440820182
196,197,W,86577.0,6.0,0.7146,0.4524174332618713,H,0.0087400898337364,0.1641692001739551,0.84136382438102
197,198,Y,63087.0,8.0,0.86696,0.3618121147155761,H,0.0090731056407094,0.1918944756174379,0.5637534716066891
198,199,R,30000.0,4.0,0.86696,0.5984054803848267,H,0.0105050299316644,0.1918944756174379,0.17272351237960173
199,200,S,48000.0,4.0,0.86696,0.5155361890792847,H,0.0132142268121242,0.1918944756174379,0.3854517520534184
200,201,K,80667.0,8.0,0.86696,0.508233368396759,H,0.016388576477766,0.1918944756174379,0.7715180523547834
201,202,F,29054.0,3.0,0.86696,0.4901576042175293,H,0.0162990055978298,0.1918944756174379,0.1615434615611889
202,203,A,43243.0,4.0,1.08228,0.4967153370380401,H,0.0170339830219745,0.23107671707510857,0.32923240560184364
203,204,D,45946.0,4.0,1.08228,0.767620325088501,H,0.0167931951582431,0.23107671707510857,0.36117709625952843
204,205,L,77027.0,6.0,0.972683333,0.4386401176452636,H,0.030473455786705,0.21113317690536154,0.7284996749985228
205,206,T,27027.0,5.0,1.090816667,0.5147169232368469,H,0.0304529014974832,0.23263015264838433,0.1375878981268097
206,207,D,16892.0,2.0,1.090816667,0.7099323272705078,H,0.028260949999094,0.23263015264838433,0.017810080954913432
207,208,A,21622.0,5.0,1.070285714,0.494964450597763,H,0.0342133305966854,0.22889409116871645,0.07371033504697747
208,209,A,52027.0,7.0,1.07195,0.4876214265823364,H,0.0424557514488697,0.2291969448558176,0.4330437865626662
209,210,A,27027.0,2.0,1.07195,0.5542417764663696,H,0.0335766226053237,0.2291969448558176,0.1375878981268097
210,211,R,28378.0,3.0,1.07195,0.658501148223877,H,0.0316310226917266,0.2291969448558176,0.15355433433788332
211,212,N,44218.0,5.0,1.07195,0.5560968518257141,H,0.0255318321287632,0.2291969448558176,0.34075518525084203
212,213,A,29932.0,4.0,1.07195,0.4797387421131134,H,0.0197651833295822,0.2291969448558176,0.1719198723630562
213,214,E,44521.0,4.0,1.07195,0.5950276255607605,H,0.0158390030264854,0.2291969448558176,0.34433611061868463
214,215,L,33103.0,4.0,1.164414286,0.4287576377391815,H,0.0076965792104601,0.24602286896998776,0.20939549725226023
215,216,L,64138.0,5.0,2.64,0.4328910708427429,H,0.0082957437261939,0.514538360969976,0.5761744371565325
216,217,R,58904.0,6.0,2.64,0.5999465584754944,H,0.0079831592738628,0.514538360969976,0.5143177923536016
217,218,Q,25676.0,2.0,2.64,0.5736901164054871,H,0.0048413733020424,0.514538360969976,0.121621461915736
218,219,A,32432.0,5.0,3.414433333,0.2676663100719452,H,0.0044750715605914,0.6554636528447424,0.20146546120664185
219,220,K,62162.0,5.0,3.414433333,0.5457630753517151,H,0.0056307353079319,0.6554636528447424,0.5528216037345625
220,221,H,21622.0,3.0,3.414433333,0.5932472944259644,H,0.0050154174678027,0.6554636528447424,0.07371033504697747
221,222,E,90541.0,8.0,3.414433333,0.504280149936676,H,0.0041906465776264,0.6554636528447424,0.8882113100514093
222,223,A,56757.0,5.0,3.414433333,0.2223868072032928,H,0.0034480658359825,0.6554636528447424,0.4889440406547303
223,224,N,22449.0,3.0,3.414433333,0.5964808464050293,H,0.002021113410592,0.6554636528447424,0.08348401583643564
224,225,D,72789.0,5.0,3.414433333,0.5541455745697021,H,0.0034432143438607,0.6554636528447424,0.6784139927908763
225,226,Y,47619.0,4.0,3.006775,0.4156312048435211,H,0.0029664116445928,0.5812811930832825,0.38094900431365597
226,227,R,53741.0,7.0,3.006775,0.6044703722000122,H,0.0038383447099477,0.5812811930832825,0.4533002422738285
227,228,R,83673.0,7.0,3.006775,0.6288171410560608,H,0.0029443323146551,0.5812811930832825,0.8070436683803108
228,229,Q,29252.0,4.0,3.006775,0.4877240061759949,H,0.0021663298830389,0.5812811930832825,0.16388347219760088
229,230,L,40541.0,5.0,3.006775,0.2430949509143829,H,0.001679282868281,0.5812811930832825,0.29729953317969626
230,231,Q,79054.0,7.0,3.006775,0.6293674111366272,H,0.00195844611153,0.5812811930832825,0.752455238432902
231,232,S,31757.0,4.0,3.006775,0.5548233389854431,H,0.0013342020101845,0.5812811930832825,0.1934881522188737
232,233,L,68919.0,6.0,3.006775,0.2135159075260162,H,0.0021353012416511,0.5812811930832825,0.6326774212610057
233,234,T,28378.0,5.0,3.4014,0.3896669745445251,H,0.0019319832790642,0.6530919493308829,0.15355433433788332
234,235,C,29730.0,4.0,2.7964,0.6054973006248474,H,0.0020643381867557,0.5429988038641785,0.16953258878449448
235,236,D,83784.0,7.0,2.7964,0.5619845390319824,H,0.0027663747314363,0.5429988038641785,0.808355492524966
236,237,L,44595.0,7.0,,0.1455269902944564,H,0.0030931569635868,,0.3452106600484548
237,238,E,43919.0,5.0,2.4582,0.6062572598457336,H,0.0028380893636494,0.48145582568758444,0.3372215328251492
238,239,S,45270.0,5.0,2.4582,0.6536685228347778,H,0.0014566683676093,0.48145582568758444,0.35318796903622285
239,240,L,38514.0,6.0,2.4582,0.3284567594528198,H,0.0036746873520314,0.48145582568758444,0.27334396974531705
240,241,R,50000.0,6.0,1.98065,0.4453706443309784,H,0.0032281333114951,0.3945550296253949,0.40908822312828697
241,242,G,32432.0,4.0,1.98065,0.6154941320419312,H,0.0010353092802688,0.3945550296253949,0.20146546120664185
242,243,T,34459.0,5.0,1.98065,0.5306224822998047,H,0.002610832452774,0.3945550296253949,0.22542102464102107
243,244,N,32432.0,6.0,1.98065,0.2623167335987091,H,0.0042958823032677,0.3945550296253949,0.20146546120664185
244,245,E,35135.0,3.0,1.98065,0.626542866230011,H,0.0057784733362495,0.3945550296253949,0.23341015186432665
245,246,S,43243.0,5.0,2.1691,0.5551649332046509,H,0.0028120591305196,0.42884767964721376,0.32923240560184364
246,247,L,96622.0,9.0,2.1691,0.2752639651298523,H,0.0042609306983649,0.42884767964721376,0.960078000354547
247,248,E,74324.0,8.0,3.2799,0.4870372116565704,H,0.0052406881004571,0.6309823341669084,0.696554984340838
248,249,R,26351.0,3.0,3.2799,0.5867542028427124,H,0.0047915573231875,0.6309823341669084,0.1295987709035041
249,250,Q,41892.0,7.0,3.2799,0.5314635038375854,H,0.004717594012618,0.6309823341669084,0.3132659693907699
250,251,M,44595.0,7.0,3.2799,0.3050119280815124,H,0.0043327030725777,0.6309823341669084,0.3452106600484548
251,252,R,41892.0,4.0,3.2799,0.6180134415626526,H,0.0073750461451709,0.6309823341669084,0.3132659693907699
252,253,E,56081.0,5.0,3.2799,0.612706184387207,H,0.010484361089766,0.6309823341669084,0.4809549134314247
253,254,Q,31081.0,5.0,3.2799,0.3843722343444824,H,0.0067292777821421,0.6309823341669084,0.18549902499556817
254,255,E,88514.0,8.0,3.2799,0.6125496625900269,H,0.011375225149095,0.6309823341669084,0.86425574661703
255,256,E,33108.0,3.0,3.2799,0.632588803768158,H,0.0112657127901911,0.6309823341669084,0.20945458842994738
256,257,R,68243.0,5.0,3.2799,0.5918606519699097,H,0.0084488503634929,0.6309823341669084,0.6246882940377002
257,258,H,32432.0,7.0,3.2799,0.4431044161319732,H,0.0094274813309311,0.6309823341669084,0.20146546120664185
258,259,V,32432.0,4.0,3.126625,0.5174463987350464,H,0.0107269212603569,0.603090554214166,0.20146546120664185
259,260,R,26351.0,1.0,3.126625,0.6929641962051392,H,0.0100989965721964,0.603090554214166,0.1295987709035041
260,261,E,33784.0,8.0,3.126625,0.6031076908111572,H,0.012227214872837,0.603090554214166,0.21744371565325296
261,262,A,52703.0,4.0,3.126625,0.2226471751928329,H,0.0088965585455298,0.603090554214166,0.44103291378597176
262,263,A,25676.0,3.0,3.126625,0.4493079483509063,H,0.0059495121240615,0.603090554214166,0.121621461915736
263,264,S,33108.0,5.0,3.126625,0.5375153422355652,H,0.006625120062381,0.603090554214166,0.20945458842994738
264,265,Y,32432.0,5.0,3.126625,0.4502592384815216,H,0.0070002838037908,0.603090554214166,0.20146546120664185
265,266,Q,61486.0,6.0,3.126625,0.5817733407020569,H,0.0101444311439991,0.603090554214166,0.5448324765112569
266,267,E,20946.0,1.0,3.320166667,0.6578680872917175,H,0.0069530503824353,0.6383097457825949,0.06572120782367191
267,268,A,29054.0,4.0,3.320166667,0.3062343299388885,H,0.0042155236005783,0.6383097457825949,0.1615434615611889
268,269,L,49324.0,6.0,4.401025,0.2193195968866348,H,0.0037418138235807,0.8349958510451876,0.4010990959049814
269,270,A,21088.0,1.0,5.30778,0.4644941985607147,H,0.0032228471245616,1.0,0.06739939726998759
270,271,R,19048.0,3.0,5.30778,0.5991976857185364,H,0.0045260917395353,1.0,0.0432901967736217
271,272,L,86395.0,7.0,5.30778,0.264374166727066,H,0.0046671382151544,1.0,0.8392129055132069
272,273,E,87075.0,7.0,4.9114,0.5685442090034485,H,0.0058336383663117,0.9278698826444757,0.8472493056786621
273,274,E,31293.0,1.0,4.9114,0.6772204041481018,H,0.0060980999842286,0.9278698826444757,0.1880044909295042
274,275,E,36735.0,7.0,4.9114,0.515770673751831,H,0.0070617850869894,0.9278698826444757,0.25231932872422147
275,276,G,80952.0,9.0,4.9114,0.1992234140634536,H,0.005588729865849,0.9278698826444757,0.7748862494829521
276,277,Q,34014.0,4.0,4.9114,0.5258482098579407,H,0.0054289768449962,0.9278698826444757,0.22016190982686282
277,278,S,21769.0,3.0,4.9114,0.4961240291595459,H,0.0054766512475907,0.9278698826444757,0.07544761567098032
278,279,L,30822.0,6.0,4.9114,0.302097350358963,H,0.0046489760279655,0.9278698826444757,0.1824381019913727
279,280,K,69388.0,9.0,4.9114,0.4813996851444244,H,0.0032100586686283,0.9278698826444757,0.6382201737280624
280,281,D,18367.0,3.0,4.9114,0.6085293889045715,H,0.0024269795976579,0.9278698826444757,0.03524197837262896
281,282,E,46939.0,6.0,4.9114,0.4557778537273407,H,0.0031355344690382,0.9278698826444757,0.3729126041482007
282,283,M,69388.0,8.0,4.9114,0.2343088090419769,H,0.0022763286251574,0.9278698826444757,0.6382201737280624
283,284,A,61224.0,7.0,4.356666667,0.4271111488342285,H,0.0032338201999664,0.8269238702061306,0.541736098800449
284,285,R,65306.0,5.0,4.356666667,0.5942384004592896,H,0.0026208262424916,0.8269238702061306,0.5899781362642558
285,286,H,53741.0,7.0,4.356666667,0.2997277379035949,H,0.0058602495118975,0.8269238702061306,0.4533002422738285
286,287,L,65306.0,6.0,4.356666667,0.2201346307992935,H,0.0042067314498126,0.8269238702061306,0.5899781362642558
287,288,Q,48980.0,5.0,4.356666667,0.6253730058670044,H,0.0033446454908698,0.8269238702061306,0.397033622880104
288,289,E,82993.0,7.0,4.356666667,0.4688683450222015,H,0.0026438066270202,0.8269238702061306,0.7990072682148555
289,290,Y,98639.0,9.0,2.493675,0.2321741431951522,H,0.0028784614987671,0.4879112873990412,0.983915381433552
290,291,Q,79592.0,7.0,2.493675,0.5490221977233887,H,0.0027503867167979,0.4879112873990412,0.7588134491520416
291,292,D,37415.0,5.0,2.493675,0.5839158296585083,H,0.0024684632662683,0.4879112873990412,0.26035572888967673
292,293,L,95918.0,9.0,2.493675,0.1086004376411438,H,0.0035598254762589,0.4879112873990412,0.9517579625361934
293,294,L,64626.0,8.0,2.43848,0.2503123581409454,H,0.0022131828591227,0.4778673350617937,0.5819417360988004
294,295,N,68027.0,7.0,1.70476,0.6965427398681641,H,0.0010365740163251,0.344350735571165,0.6221355551616143
295,296,V,64626.0,6.0,1.879966667,0.3418006598949432,H,0.0020729722455143,0.3762334679294583,0.5819417360988004
296,297,K,100000.0,9.0,1.879966667,0.1773773729801178,H,0.0037197039928287,0.3762334679294583,1.0
297,298,L,38095.0,8.0,1.879966667,0.5321539044380188,H,0.0030483896844089,0.3762334679294583,0.2683921290551321
298,299,A,63265.0,8.0,1.879966667,0.4123445749282837,H,0.0026063083205372,0.3762334679294583,0.5658571175323525
299,300,L,100000.0,9.0,1.879966667,0.0977530553936958,H,0.0020420912187546,0.3762334679294583,1.0
300,301,D,66667.0,9.0,1.6722,0.3689749240875244,H,0.0028609542641788,0.33842572265150234,0.6060627548307038
301,302,I,47619.0,5.0,,0.5655609965324402,H,0.0021396086085587,,0.38094900431365597
302,303,E,99320.0,9.0,,0.3361980020999908,H,0.0030557226855307,,0.9919635998345446
303,304,I,97959.0,9.0,,0.0729201734066009,H,0.0020853967871516,,0.9758789812680966
304,305,A,82993.0,7.0,,0.463548332452774,H,0.001762771513313,,0.7990072682148555
305,306,T,76190.0,8.0,,0.4810527861118316,H,0.0019591629970818,,0.7186078118536903
306,307,Y,99320.0,9.0,0.63985,0.1821290552616119,H,0.0040730615146458,0.15056678261422593,0.9919635998345446
307,308,R,95918.0,9.0,0.63985,0.4423118531703949,H,0.004502534866333,0.15056678261422593,0.9517579625361934
308,309,K,63946.0,7.0,0.63985,0.6551221013069153,H,0.0056117596104741,0.15056678261422593,0.5739053359333451
309,310,L,100000.0,9.0,0.63985,0.3048941195011139,H,0.0060862130485475,0.15056678261422593,1.0
310,311,L,95238.0,9.0,0.63985,0.1695664525032043,H,0.0058785546571016,0.15056678261422593,0.943721562370738
311,312,E,86395.0,8.0,0.63985,0.6528600454330444,H,0.0087860701605677,0.15056678261422593,0.8392129055132069
312,313,G,91837.0,6.0,0.63985,0.6710189580917358,C,0.0195442643016576,0.15056678261422593,0.9035277433079241
313,314,E,89726.0,9.0,0.63985,0.5282295346260071,C,0.0339443087577819,0.15056678261422593,0.8785794480884004
314,315,E,73611.0,7.0,0.63985,0.6836369037628174,C,0.053865261375904,0.15056678261422593,0.6881285824026473
315,316,N,33083.0,3.0,0.29355,0.828236997127533,C,0.0962008759379386,0.08754983009336688,0.20915913254151156
316,317,R,82031.0,7.0,0.29355,0.678113579750061,C,0.0969227403402328,0.08754983009336688,0.7876381256278437
317,318,I,39091.0,3.0,0.29355,0.4851981401443481,C,0.1794410049915313,0.08754983009336688,0.28016309165041653
318,319,T,26923.0,3.0,0.29355,0.8490896224975586,C,0.2337476909160614,0.08754983009336688,0.1363588016309165
319,320,I,22727.0,2.0,0.29355,0.5547001361846924,C,0.3494873940944671,0.08754983009336688,0.08676948531584236
320,321,P,62963.0,5.0,0.29355,0.7281357645988464,C,0.5277356505393982,0.08754983009336688,0.5622880104000473
321,322,V,66667.0,6.0,0.29355,0.7358990907669067,C,0.7052629590034485,0.08754983009336688,0.6060627548307038
322,323,Q,85000.0,7.0,0.29355,0.7394810318946838,C,0.8550045490264893,0.08754983009336688,0.8227264669384862
323,324,T,,,0.29355,0.8340838551521301,C,0.8409237265586853,0.08754983009336688,
