Sequence	Start	End	1	5	30	150	Sum
AGFKETRASE	1	10	0.2107	-0.0273	0.0737	-0.0388	0.2183
AGFKETRASERAEM	1	14	0.0391	-0.0376	0.1228	0.0365	0.1608
GFKETRASERAEM	2	14	-0.661	-0.1974	0.0253	0.0278	-0.8053
ASERAEM	8	14	-0.0001	0.0086	0.0346	0.0387	0.0818
MELNDRF	15	21	0.4242	0.1002	0.0036	-0.0144	0.5136
MELNDRFASY	15	24	0.9607	0.5066	0.1992	-0.0526	1.6139
NDRFASY	18	24	0.5717	0.433	0.1369	-0.0574	1.0842
IEKVRF	25	30	0.0969	0.3191	0.6428	0.5917	1.6505
LEQQNKALA	31	39	0.1099	0.3513	1.0473	1.1001	2.6086
LEQQNKALAAEL	31	42	0.1356	0.4357	1.4494	1.9676	3.9883
NQLRAKEPTKL	43	53	0.639	0.1572	0.24	0.0494	1.0856
NQLRAKEPTKLAD	43	55	0.6975	0.1711	0.2793	0.0249	1.1728
NQLRAKEPTKLADVYQAE	43	60	1.3612	0.3367	0.8755	0.1934	2.7668
NQLRAKEPTKLADVYQAEL	43	61	1.2758	0.3984	1.1326	0.357	3.1638
RAKEPTKLADVYQAE	46	60	0.8636	0.2494	0.9335	0.2698	2.3163
ADVYQAE	54	60	0.5588	0.2429	0.446	0.2492	1.4969
ADVYQAEL	54	61	0.8995	0.3742	0.7211	0.5054	2.5002
LRELRLRL	61	68	0.0408	0.1185	0.2838	1.0608	1.5039
RELRLRL	62	68	0.013	0.0269	0.1668	0.9427	1.1494
RLDQLTANSARL	67	78	0.7392	0.9717	1.1669	1.0226	3.9004
DQLTANSARL	69	78	0.6643	0.8666	1.1839	1.1699	3.8847
EVERDNL	79	85	0.029	0.0591	0.1811	0.5257	0.7949
EVERDNLAQDL	79	89	0.0411	0.1777	0.443	0.8385	1.5003
EVERDNLAQDLAT	79	91	0.1245	0.4561	0.8561	1.24	2.6767
AQDLAT	86	91	0.0988	0.2801	0.5053	0.5248	1.409
ATVRQKLQDETN	90	101	0.3869	0.5696	0.9962	1.4601	3.4128
ATVRQKLQDETNL	90	102	0.2966	0.7376	1.1715	1.8462	4.0519
VRQKLQDETN	92	101	0.2305	0.4663	0.6952	0.7374	2.1294
VRQKLQDETNL	92	102	0.204	0.6003	0.7432	1.072	2.6195
VRQKLQDETNLRL	92	104	0.1597	0.5292	0.8018	1.0314	2.5221
RLEAENNLAA	103	112	0.4008	0.436	0.7525	0.9763	2.5656
EAENNL	105	110	0.1539	0.3043	0.5897	0.6344	1.6823
EAENNLAA	105	112	0.4181	0.4888	0.739	0.698	2.3439
AAYRQEADE	111	119	0.4111	0.6791	0.9632	0.7161	2.7695
AAYRQEADEATL	111	122	1.14	1.2879	1.4927	0.862	4.7826
YRQEADEATL	113	122	0.6495	0.6732	0.7853	0.2426	2.3506
DLERKIESL	126	134	0.275	0.4043	0.5101	0.7331	1.9225
ERKIESL	128	134	0.1191	0.258	0.2795	0.5095	1.1661
EEEIRF	135	140	-0.0186	0.034	0.048	0.2823	0.3457
IESLEEEIRFLRKIH	131	145	0.7651	0.0224	0.4177	0.1558	1.361
LRKIHEEEVRE	141	151	0.0644	0.0751	0.2353	0.2696	0.6444
LRKIHEEEVRELQEQL	141	156	0.1787	0.6385	1.5455	1.5764	3.9391
EEVRELQEQL	147	156	0.2319	0.5734	1.2338	1.2472	3.2863
VRELQEQL	149	156	0.1856	0.5209	1.2428	0.9279	2.8772
LRKIHEEEVRELQEQLARQQVHVEL	141	165	-0.2127	-0.3893	1.7263	0.9679	2.0922
LQEQL	152	156	0.0741	0.4522	0.9609	0.3793	1.8665
VRELQEQLARQQVHVEL	149	165	0.6925	0.6735	1.758	1.0491	4.1731
LQEQLARQQVHVEL	152	165	0.5189	0.6103	1.1903	0.3272	2.6467
ARQQVHVEL	157	165	0.237	0.0317	0.1209	0.0211	0.4107
DVAKPDL	166	172	0.0689	0.0011	0.0558	0.0127	0.1385
DVAKPDLT	166	173	0.1274	0.0079	0.0554	0.0113	0.202
DVAKPDLTA	166	174	0.1472	0.0126	0.0446	-0.0047	0.1997
DVAKPDLTAA	166	175	0.2131	-0.0224	0.0355	-0.0687	0.1575
DVAKPDLTAAL	166	176	0.3611	0.2037	0.2298	0.0149	0.8095
TAALKEIRTQYEAM	173	186	1.8044	1.6064	1.0411	0.0862	4.5381
AALKEIRTQYEAM	174	186	0.5872	1.4894	1.0717	-0.0261	3.1222
KEIRTQY	177	183	0.733	0.7089	0.6056	0.1183	2.1658
ALKEIRTQYEAM	175	186	1.3245	1.2668	0.9126	0.0646	3.5685
LKEIRTQYEAM	176	186	1.2211	1.1178	0.8617	0.0235	3.2241
KEIRTQYEAM	177	186	1.0592	1.0833	0.768	0.2375	3.148
EAMASSNMHEAEE	184	196	0.3544	0.1562	0.1518	-0.0192	0.6432
ASSNMHEAEE	187	196	0.097	0.0066	0.0147	-0.0105	0.1078
ASSNMHEAEEW	187	197	0.1539	0.0325	0.0798	0.0354	0.3016
WYRSKF	197	202	0.2573	-0.0153	-0.0244	0.0476	0.2652
WYRSKFADL	197	205	0.4382	0.0465	0.0285	-0.0157	0.4975
WYRSKFADLTDAAARNAEL	197	215	1.3679	0.082	0.4136	-0.0694	1.7941
YRSKFADLTDAAARNAEL	198	215	1.1374	0.0914	0.2541	-0.0216	1.4613
YRSKFADLTDAAARNAELLRQ	198	218	0.6062	-0.1123	-0.1078	-0.0694	0.3167
ADLTDAAARNAEL	203	215	1.0889	0.1609	0.1938	-0.1018	1.3418
LTDAAARNAE	205	214	0.7333	-0.2227	0.1018	-0.1877	0.4247
TDAAARNAEL	206	215	0.8326	0.2256	0.184	-0.0359	1.2063
AAARNAEL	208	215	0.5959	0.2015	0.1332	0.0165	0.9471
AARNAEL	209	215	0.6554	0.2555	0.1957	-0.023	1.0836
LRQAKHEANDYRRQLQSL	216	233	0.4224	0.9547	1.4194	0.644	3.4405
LRQAKHEANDYRRQLQSLT	216	234	0.5364	1.0599	1.5427	0.8674	4.0064
LRQAKHEANDYRRQLQSLTCD	216	236	0.4124	0.6882	1.3859	0.3099	2.7964
YRRQLQSL	226	233	0.4241	0.3879	0.5442	0.4276	1.7838
ESLRGTNESL	238	247	0.3819	0.5053	0.8183	0.7527	2.4582
RGTNESL	241	247	0.2622	0.402	0.401	0.4379	1.5031
SLERQMREQEERHVREAASYQ	246	266	0.0614	0.2987	1.7795	0.4064	2.546
ERQMREQEERHVREAASYQEA	248	268	0.1951	0.6112	1.266	0.8397	2.912
ERQMREQEERHVREAASYQEAL	248	269	0.3963	0.9121	1.9402	1.1331	4.3817
VREAASYQEAL	259	269	0.1387	0.3025	1.0683	1.1573	2.6668
LARLEEEGQSLKDEM	269	283	0.4089	0.8252	1.6732	1.2171	4.1244
ARLEEEGQSLKDEM	270	283	0.4551	0.8397	1.7218	1.3782	4.3948
EEEGQSLKDEM	273	283	0.3943	0.675	1.2077	0.8591	3.1361
LARLEEEGQSLKDEMARHLQE	269	289	0.675	1.3434	2.5477	1.8651	6.4312
ARLEEEGQSLKDEMARHLQE	270	289	0.8187	1.4915	2.2068	1.4927	6.0097
EEEGQSLKDEMARHLQE	273	289	0.7828	1.3859	1.6566	0.8795	4.7048
ARLEEEGQSLKDEMARHLQEYQDLL	270	294	0.4375	1.1126	2.0785	1.9502	5.5788
ARHLQEYQDLL	284	294	0.1754	0.2542	0.4554	0.627	1.512
ARHLQEYQDLLN	284	295	0.1557	0.4455	0.6059	0.6964	1.9035
YQDLLN	290	295	0.02	0.1916	0.363	0.4058	0.9804
LNVKLAL	294	300	0.1716	0.0761	0.9962	0.9738	2.2177
NVKLAL	295	300	0.1068	0.0018	0.877	0.7644	1.75
NVKLALD	295	301	0.0618	0.0076	0.8173	0.7855	1.6722
YRKLLEGEE	307	315	0.6538	0.06	-0.0037	-0.0189	0.6912
YRKLLEGEENRITIPVQT	307	324	0.5791	0.0255	0.0624	-0.0785	0.5885
NRITIPVQT	316	324	0.0717	-0.0922	0.0302	-0.0111	-0.0014
