1	0.2183	0.1608																																																																																																		0.18955
2	0.2183	0.1608	-0.8053																																																																																																	-0.142066667
3	0.2183	0.1608	-0.8053																																																																																																	-0.142066667
4	0.2183	0.1608	-0.8053																																																																																																	-0.142066667
5	0.2183	0.1608	-0.8053																																																																																																	-0.142066667
6	0.2183	0.1608	-0.8053																																																																																																	-0.142066667
7	0.2183	0.1608	-0.8053																																																																																																	-0.142066667
8	0.2183	0.1608	-0.8053	0.0818																																																																																																-0.0861
9	0.2183	0.1608	-0.8053	0.0818																																																																																																-0.0861
10	0.2183	0.1608	-0.8053	0.0818																																																																																																-0.0861
11		0.1608	-0.8053	0.0818																																																																																																-0.187566667
12		0.1608	-0.8053	0.0818																																																																																																-0.187566667
13		0.1608	-0.8053	0.0818																																																																																																-0.187566667
14		0.1608	-0.8053	0.0818																																																																																																-0.187566667
15					0.5136	1.6139																																																																																														1.06375
16					0.5136	1.6139																																																																																														1.06375
17					0.5136	1.6139																																																																																														1.06375
18					0.5136	1.6139	1.0842																																																																																													1.070566667
19					0.5136	1.6139	1.0842																																																																																													1.070566667
20					0.5136	1.6139	1.0842																																																																																													1.070566667
21					0.5136	1.6139	1.0842																																																																																													1.070566667
22						1.6139	1.0842																																																																																													1.34905
23						1.6139	1.0842																																																																																													1.34905
24						1.6139	1.0842																																																																																													1.34905
25								1.6505																																																																																												1.6505
26								1.6505																																																																																												1.6505
27								1.6505																																																																																												1.6505
28								1.6505																																																																																												1.6505
29								1.6505																																																																																												1.6505
30								1.6505																																																																																												1.6505
31									2.6086	3.9883																																																																																										3.29845
32									2.6086	3.9883																																																																																										3.29845
33									2.6086	3.9883																																																																																										3.29845
34									2.6086	3.9883																																																																																										3.29845
35									2.6086	3.9883																																																																																										3.29845
36									2.6086	3.9883																																																																																										3.29845
37									2.6086	3.9883																																																																																										3.29845
38									2.6086	3.9883																																																																																										3.29845
39									2.6086	3.9883																																																																																										3.29845
40										3.9883																																																																																										3.9883
41										3.9883																																																																																										3.9883
42										3.9883																																																																																										3.9883
43											1.0856	1.1728	2.7668	3.1638																																																																																						2.04725
44											1.0856	1.1728	2.7668	3.1638																																																																																						2.04725
45											1.0856	1.1728	2.7668	3.1638																																																																																						2.04725
46											1.0856	1.1728	2.7668	3.1638	2.3163																																																																																					2.10106
47											1.0856	1.1728	2.7668	3.1638	2.3163																																																																																					2.10106
48											1.0856	1.1728	2.7668	3.1638	2.3163																																																																																					2.10106
49											1.0856	1.1728	2.7668	3.1638	2.3163																																																																																					2.10106
50											1.0856	1.1728	2.7668	3.1638	2.3163																																																																																					2.10106
51											1.0856	1.1728	2.7668	3.1638	2.3163																																																																																					2.10106
52											1.0856	1.1728	2.7668	3.1638	2.3163																																																																																					2.10106
53											1.0856	1.1728	2.7668	3.1638	2.3163																																																																																					2.10106
54												1.1728	2.7668	3.1638	2.3163	1.4969	2.5002																																																																																			2.236133333
55												1.1728	2.7668	3.1638	2.3163	1.4969	2.5002																																																																																			2.236133333
56													2.7668	3.1638	2.3163	1.4969	2.5002																																																																																			2.4488
57													2.7668	3.1638	2.3163	1.4969	2.5002																																																																																			2.4488
58													2.7668	3.1638	2.3163	1.4969	2.5002																																																																																			2.4488
59													2.7668	3.1638	2.3163	1.4969	2.5002																																																																																			2.4488
60													2.7668	3.1638	2.3163	1.4969	2.5002																																																																																			2.4488
61														3.1638			2.5002	1.5039																																																																																		2.3893
62																		1.5039	1.1494																																																																																	1.32665
63																		1.5039	1.1494																																																																																	1.32665
64																		1.5039	1.1494																																																																																	1.32665
65																		1.5039	1.1494																																																																																	1.32665
66																		1.5039	1.1494																																																																																	1.32665
67																		1.5039	1.1494	3.9004																																																																																2.184566667
68																		1.5039	1.1494	3.9004																																																																																2.184566667
69																				3.9004	3.8847																																																																															3.89255
70																				3.9004	3.8847																																																																															3.89255
71																				3.9004	3.8847																																																																															3.89255
72																				3.9004	3.8847																																																																															3.89255
73																				3.9004	3.8847																																																																															3.89255
74																				3.9004	3.8847																																																																															3.89255
75																				3.9004	3.8847																																																																															3.89255
76																				3.9004	3.8847																																																																															3.89255
77																				3.9004	3.8847																																																																															3.89255
78																				3.9004	3.8847																																																																															3.89255
79																						0.7949	1.5003	2.6767																																																																												1.6573
80																						0.7949	1.5003	2.6767																																																																												1.6573
81																						0.7949	1.5003	2.6767																																																																												1.6573
82																						0.7949	1.5003	2.6767																																																																												1.6573
83																						0.7949	1.5003	2.6767																																																																												1.6573
84																						0.7949	1.5003	2.6767																																																																												1.6573
85																						0.7949	1.5003	2.6767																																																																												1.6573
86																							1.5003	2.6767	1.409																																																																											1.862
87																							1.5003	2.6767	1.409																																																																											1.862
88																							1.5003	2.6767	1.409																																																																											1.862
89																							1.5003	2.6767	1.409																																																																											1.862
90																								2.6767	1.409	3.4128	4.0519																																																																									2.8876
91																								2.6767	1.409	3.4128	4.0519																																																																									2.8876
92																										3.4128	4.0519	2.1294	2.6195	2.5221																																																																						2.94714
93																										3.4128	4.0519	2.1294	2.6195	2.5221																																																																						2.94714
94																										3.4128	4.0519	2.1294	2.6195	2.5221																																																																						2.94714
95																										3.4128	4.0519	2.1294	2.6195	2.5221																																																																						2.94714
96																										3.4128	4.0519	2.1294	2.6195	2.5221																																																																						2.94714
97																										3.4128	4.0519	2.1294	2.6195	2.5221																																																																						2.94714
98																										3.4128	4.0519	2.1294	2.6195	2.5221																																																																						2.94714
99																										3.4128	4.0519	2.1294	2.6195	2.5221																																																																						2.94714
100																										3.4128	4.0519	2.1294	2.6195	2.5221																																																																						2.94714
101																										3.4128	4.0519	2.1294	2.6195	2.5221																																																																						2.94714
102																											4.0519		2.6195	2.5221																																																																						3.0645
103																														2.5221	2.5656																																																																					2.54385
104																														2.5221	2.5656																																																																					2.54385
105																															2.5656	1.6823	2.3439																																																																			2.197266667
106																															2.5656	1.6823	2.3439																																																																			2.197266667
107																															2.5656	1.6823	2.3439																																																																			2.197266667
108																															2.5656	1.6823	2.3439																																																																			2.197266667
109																															2.5656	1.6823	2.3439																																																																			2.197266667
110																															2.5656	1.6823	2.3439																																																																			2.197266667
111																															2.5656		2.3439	2.7695	4.7826																																																																	3.1154
112																															2.5656		2.3439	2.7695	4.7826																																																																	3.1154
113																																		2.7695	4.7826	2.3506																																																																3.3009
114																																		2.7695	4.7826	2.3506																																																																3.3009
115																																		2.7695	4.7826	2.3506																																																																3.3009
116																																		2.7695	4.7826	2.3506																																																																3.3009
117																																		2.7695	4.7826	2.3506																																																																3.3009
118																																		2.7695	4.7826	2.3506																																																																3.3009
119																																		2.7695	4.7826	2.3506																																																																3.3009
120																																			4.7826	2.3506																																																																3.5666
121																																			4.7826	2.3506																																																																3.5666
122																																			4.7826	2.3506																																																																3.5666
123																																																																																																				
124																																																																																																				
125																																																																																																				
126																																					1.9225																																																															1.9225
127																																					1.9225																																																															1.9225
128																																					1.9225	1.1661																																																														1.5443
129																																					1.9225	1.1661																																																														1.5443
130																																					1.9225	1.1661																																																														1.5443
131																																					1.9225	1.1661		1.361																																																												1.4832
132																																					1.9225	1.1661		1.361																																																												1.4832
133																																					1.9225	1.1661		1.361																																																												1.4832
134																																					1.9225	1.1661		1.361																																																												1.4832
135																																							0.3457	1.361																																																												0.85335
136																																							0.3457	1.361																																																												0.85335
137																																							0.3457	1.361																																																												0.85335
138																																							0.3457	1.361																																																												0.85335
139																																							0.3457	1.361																																																												0.85335
140																																							0.3457	1.361																																																												0.85335
141																																								1.361	0.6444	3.9391			2.0922																																																							2.009175
142																																								1.361	0.6444	3.9391			2.0922																																																							2.009175
143																																								1.361	0.6444	3.9391			2.0922																																																							2.009175
144																																								1.361	0.6444	3.9391			2.0922																																																							2.009175
145																																								1.361	0.6444	3.9391			2.0922																																																							2.009175
146																																									0.6444	3.9391			2.0922																																																							2.225233333
147																																									0.6444	3.9391	3.2863		2.0922																																																							2.4905
148																																									0.6444	3.9391	3.2863		2.0922																																																							2.4905
149																																									0.6444	3.9391	3.2863	2.8772	2.0922		4.1731																																																					2.835383333
150																																									0.6444	3.9391	3.2863	2.8772	2.0922		4.1731																																																					2.835383333
151																																									0.6444	3.9391	3.2863	2.8772	2.0922		4.1731																																																					2.835383333
152																																										3.9391	3.2863	2.8772	2.0922	1.8665	4.1731	2.6467																																																				2.983014286
153																																										3.9391	3.2863	2.8772	2.0922	1.8665	4.1731	2.6467																																																				2.983014286
154																																										3.9391	3.2863	2.8772	2.0922	1.8665	4.1731	2.6467																																																				2.983014286
155																																										3.9391	3.2863	2.8772	2.0922	1.8665	4.1731	2.6467																																																				2.983014286
156																																										3.9391	3.2863	2.8772	2.0922	1.8665	4.1731	2.6467																																																				2.983014286
157																																													2.0922		4.1731	2.6467	0.4107																																																			2.330675
158																																													2.0922		4.1731	2.6467	0.4107																																																			2.330675
159																																													2.0922		4.1731	2.6467	0.4107																																																			2.330675
160																																													2.0922		4.1731	2.6467	0.4107																																																			2.330675
161																																													2.0922		4.1731	2.6467	0.4107																																																			2.330675
162																																													2.0922		4.1731	2.6467	0.4107																																																			2.330675
163																																													2.0922		4.1731	2.6467	0.4107																																																			2.330675
164																																													2.0922		4.1731	2.6467	0.4107																																																			2.330675
165																																													2.0922		4.1731	2.6467	0.4107																																																			2.330675
166																																																		0.1385	0.202	0.1997	0.1575	0.8095																																														0.30144
167																																																		0.1385	0.202	0.1997	0.1575	0.8095																																														0.30144
168																																																		0.1385	0.202	0.1997	0.1575	0.8095																																														0.30144
169																																																		0.1385	0.202	0.1997	0.1575	0.8095																																														0.30144
170																																																		0.1385	0.202	0.1997	0.1575	0.8095																																														0.30144
171																																																		0.1385	0.202	0.1997	0.1575	0.8095																																														0.30144
172																																																		0.1385	0.202	0.1997	0.1575	0.8095																																														0.30144
173																																																			0.202	0.1997	0.1575	0.8095	4.5381																																													1.18136
174																																																				0.1997	0.1575	0.8095	4.5381	3.1222																																												1.7654
175																																																					0.1575	0.8095	4.5381	3.1222		3.5685																																										2.43916
176																																																						0.8095	4.5381	3.1222		3.5685	3.2241																																									3.05248
177																																																							4.5381	3.1222	2.1658	3.5685	3.2241	3.148																																								3.29445
178																																																							4.5381	3.1222	2.1658	3.5685	3.2241	3.148																																								3.29445
179																																																							4.5381	3.1222	2.1658	3.5685	3.2241	3.148																																								3.29445
180																																																							4.5381	3.1222	2.1658	3.5685	3.2241	3.148																																								3.29445
181																																																							4.5381	3.1222	2.1658	3.5685	3.2241	3.148																																								3.29445
182																																																							4.5381	3.1222	2.1658	3.5685	3.2241	3.148																																								3.29445
183																																																							4.5381	3.1222	2.1658	3.5685	3.2241	3.148																																								3.29445
184																																																							4.5381	3.1222		3.5685	3.2241	3.148	0.6432																																							3.040683333
185																																																							4.5381	3.1222		3.5685	3.2241	3.148	0.6432																																							3.040683333
186																																																							4.5381	3.1222		3.5685	3.2241	3.148	0.6432																																							3.040683333
187																																																													0.6432	0.1078	0.3016																																					0.350866667
188																																																													0.6432	0.1078	0.3016																																					0.350866667
189																																																													0.6432	0.1078	0.3016																																					0.350866667
190																																																													0.6432	0.1078	0.3016																																					0.350866667
191																																																													0.6432	0.1078	0.3016																																					0.350866667
192																																																													0.6432	0.1078	0.3016																																					0.350866667
193																																																													0.6432	0.1078	0.3016																																					0.350866667
194																																																													0.6432	0.1078	0.3016																																					0.350866667
195																																																													0.6432	0.1078	0.3016																																					0.350866667
196																																																													0.6432	0.1078	0.3016																																					0.350866667
197																																																															0.3016	0.2652	0.4975	1.7941																																		0.7146
198																																																																0.2652	0.4975	1.7941	1.4613	0.3167																																0.86696
199																																																																0.2652	0.4975	1.7941	1.4613	0.3167																																0.86696
200																																																																0.2652	0.4975	1.7941	1.4613	0.3167																																0.86696
201																																																																0.2652	0.4975	1.7941	1.4613	0.3167																																0.86696
202																																																																0.2652	0.4975	1.7941	1.4613	0.3167																																0.86696
203																																																																	0.4975	1.7941	1.4613	0.3167	1.3418																															1.08228
204																																																																	0.4975	1.7941	1.4613	0.3167	1.3418																															1.08228
205																																																																	0.4975	1.7941	1.4613	0.3167	1.3418	0.4247																														0.972683333
206																																																																		1.7941	1.4613	0.3167	1.3418	0.4247	1.2063																													1.090816667
207																																																																		1.7941	1.4613	0.3167	1.3418	0.4247	1.2063																													1.090816667
208																																																																		1.7941	1.4613	0.3167	1.3418	0.4247	1.2063	0.9471																												1.070285714
209																																																																		1.7941	1.4613	0.3167	1.3418	0.4247	1.2063	0.9471	1.0836																											1.07195
210																																																																		1.7941	1.4613	0.3167	1.3418	0.4247	1.2063	0.9471	1.0836																											1.07195
211																																																																		1.7941	1.4613	0.3167	1.3418	0.4247	1.2063	0.9471	1.0836																											1.07195
212																																																																		1.7941	1.4613	0.3167	1.3418	0.4247	1.2063	0.9471	1.0836																											1.07195
213																																																																		1.7941	1.4613	0.3167	1.3418	0.4247	1.2063	0.9471	1.0836																											1.07195
214																																																																		1.7941	1.4613	0.3167	1.3418	0.4247	1.2063	0.9471	1.0836																											1.07195
215																																																																		1.7941	1.4613	0.3167	1.3418		1.2063	0.9471	1.0836																											1.164414286
216																																																																				0.3167						3.4405	4.0064	2.7964																								2.64
217																																																																				0.3167						3.4405	4.0064	2.7964																								2.64
218																																																																				0.3167						3.4405	4.0064	2.7964																								2.64
219																																																																										3.4405	4.0064	2.7964																								3.414433333
220																																																																										3.4405	4.0064	2.7964																								3.414433333
221																																																																										3.4405	4.0064	2.7964																								3.414433333
222																																																																										3.4405	4.0064	2.7964																								3.414433333
223																																																																										3.4405	4.0064	2.7964																								3.414433333
224																																																																										3.4405	4.0064	2.7964																								3.414433333
225																																																																										3.4405	4.0064	2.7964																								3.414433333
226																																																																										3.4405	4.0064	2.7964	1.7838																							3.006775
227																																																																										3.4405	4.0064	2.7964	1.7838																							3.006775
228																																																																										3.4405	4.0064	2.7964	1.7838																							3.006775
229																																																																										3.4405	4.0064	2.7964	1.7838																							3.006775
230																																																																										3.4405	4.0064	2.7964	1.7838																							3.006775
231																																																																										3.4405	4.0064	2.7964	1.7838																							3.006775
232																																																																										3.4405	4.0064	2.7964	1.7838																							3.006775
233																																																																										3.4405	4.0064	2.7964	1.7838																							3.006775
234																																																																											4.0064	2.7964																								3.4014
235																																																																												2.7964																								2.7964
236																																																																												2.7964																								2.7964
237																																																																																																				
238																																																																														2.4582																						2.4582
239																																																																														2.4582																						2.4582
240																																																																														2.4582																						2.4582
241																																																																														2.4582	1.5031																					1.98065
242																																																																														2.4582	1.5031																					1.98065
243																																																																														2.4582	1.5031																					1.98065
244																																																																														2.4582	1.5031																					1.98065
245																																																																														2.4582	1.5031																					1.98065
246																																																																														2.4582	1.5031	2.546																				2.1691
247																																																																														2.4582	1.5031	2.546																				2.1691
248																																																																																2.546	2.912	4.3817																		3.2799
249																																																																																2.546	2.912	4.3817																		3.2799
250																																																																																2.546	2.912	4.3817																		3.2799
251																																																																																2.546	2.912	4.3817																		3.2799
252																																																																																2.546	2.912	4.3817																		3.2799
253																																																																																2.546	2.912	4.3817																		3.2799
254																																																																																2.546	2.912	4.3817																		3.2799
255																																																																																2.546	2.912	4.3817																		3.2799
256																																																																																2.546	2.912	4.3817																		3.2799
257																																																																																2.546	2.912	4.3817																		3.2799
258																																																																																2.546	2.912	4.3817																		3.2799
259																																																																																2.546	2.912	4.3817	2.6668																	3.126625
260																																																																																2.546	2.912	4.3817	2.6668																	3.126625
261																																																																																2.546	2.912	4.3817	2.6668																	3.126625
262																																																																																2.546	2.912	4.3817	2.6668																	3.126625
263																																																																																2.546	2.912	4.3817	2.6668																	3.126625
264																																																																																2.546	2.912	4.3817	2.6668																	3.126625
265																																																																																2.546	2.912	4.3817	2.6668																	3.126625
266																																																																																2.546	2.912	4.3817	2.6668																	3.126625
267																																																																																	2.912	4.3817	2.6668																	3.320166667
268																																																																																	2.912	4.3817	2.6668																	3.320166667
269																																																																																		4.3817	2.6668	4.1244			6.4312													4.401025
270																																																																																				4.1244	4.3948		6.4312	6.0097		5.5788										5.30778
271																																																																																				4.1244	4.3948		6.4312	6.0097		5.5788										5.30778
272																																																																																				4.1244	4.3948		6.4312	6.0097		5.5788										5.30778
273																																																																																				4.1244	4.3948	3.1361	6.4312	6.0097	4.7048	5.5788										4.9114
274																																																																																				4.1244	4.3948	3.1361	6.4312	6.0097	4.7048	5.5788										4.9114
275																																																																																				4.1244	4.3948	3.1361	6.4312	6.0097	4.7048	5.5788										4.9114
276																																																																																				4.1244	4.3948	3.1361	6.4312	6.0097	4.7048	5.5788										4.9114
277																																																																																				4.1244	4.3948	3.1361	6.4312	6.0097	4.7048	5.5788										4.9114
278																																																																																				4.1244	4.3948	3.1361	6.4312	6.0097	4.7048	5.5788										4.9114
279																																																																																				4.1244	4.3948	3.1361	6.4312	6.0097	4.7048	5.5788										4.9114
280																																																																																				4.1244	4.3948	3.1361	6.4312	6.0097	4.7048	5.5788										4.9114
281																																																																																				4.1244	4.3948	3.1361	6.4312	6.0097	4.7048	5.5788										4.9114
282																																																																																				4.1244	4.3948	3.1361	6.4312	6.0097	4.7048	5.5788										4.9114
283																																																																																				4.1244	4.3948	3.1361	6.4312	6.0097	4.7048	5.5788										4.9114
284																																																																																							6.4312	6.0097	4.7048	5.5788	1.512	1.9035								4.356666667
285																																																																																							6.4312	6.0097	4.7048	5.5788	1.512	1.9035								4.356666667
286																																																																																							6.4312	6.0097	4.7048	5.5788	1.512	1.9035								4.356666667
287																																																																																							6.4312	6.0097	4.7048	5.5788	1.512	1.9035								4.356666667
288																																																																																							6.4312	6.0097	4.7048	5.5788	1.512	1.9035								4.356666667
289																																																																																							6.4312	6.0097	4.7048	5.5788	1.512	1.9035								4.356666667
290																																																																																										5.5788	1.512	1.9035	0.9804							2.493675
291																																																																																										5.5788	1.512	1.9035	0.9804							2.493675
292																																																																																										5.5788	1.512	1.9035	0.9804							2.493675
293																																																																																										5.5788	1.512	1.9035	0.9804							2.493675
294																																																																																										5.5788	1.512	1.9035	0.9804	2.2177						2.43848
295																																																																																												1.9035	0.9804	2.2177	1.75	1.6722				1.70476
296																																																																																														2.2177	1.75	1.6722				1.879966667
297																																																																																														2.2177	1.75	1.6722				1.879966667
298																																																																																														2.2177	1.75	1.6722				1.879966667
299																																																																																														2.2177	1.75	1.6722				1.879966667
300																																																																																														2.2177	1.75	1.6722				1.879966667
301																																																																																																1.6722				1.6722
302																																																																																																				
303																																																																																																				
304																																																																																																				
305																																																																																																				
306																																																																																																				
307																																																																																																	0.6912	0.5885		0.63985
308																																																																																																	0.6912	0.5885		0.63985
309																																																																																																	0.6912	0.5885		0.63985
310																																																																																																	0.6912	0.5885		0.63985
311																																																																																																	0.6912	0.5885		0.63985
312																																																																																																	0.6912	0.5885		0.63985
313																																																																																																	0.6912	0.5885		0.63985
314																																																																																																	0.6912	0.5885		0.63985
315																																																																																																	0.6912	0.5885		0.63985
316																																																																																																		0.5885	-0.0014	0.29355
317																																																																																																		0.5885	-0.0014	0.29355
318																																																																																																		0.5885	-0.0014	0.29355
319																																																																																																		0.5885	-0.0014	0.29355
320																																																																																																		0.5885	-0.0014	0.29355
321																																																																																																		0.5885	-0.0014	0.29355
322																																																																																																		0.5885	-0.0014	0.29355
323																																																																																																		0.5885	-0.0014	0.29355
324																																																																																																		0.5885	-0.0014	0.29355